6.07
6.28
6.35
6.34
6.34
6.37
7.14
7.63
6.89
6.78
7.01
6.87
6.96
7.04
7.13
6.97
6.97
6.97
6.79
6.21
5.40
4.63
4.37
4.41
4.42
4.35
4.52
4.71
4.71
4.50
4.06
3.63
3.49
3.57
3.60
3.79
3.82
3.79
3.81
3.75
3.64
3.59
3.80
3.68
3.68
3.67
3.59
3.65
3.66
3.58
3.56
3.56
3.68
3.82
3.60
3.21
3.22
3.29
3.24
3.32
3.40
3.44
3.49
3.43
3.45
3.43
3.49
3.27
3.27
3.26
3.15
3.23
3.29
3.38
3.51
3.58
3.68
3.58
3.47
3.36
3.40
3.42
3.41
3.54
3.56
3.60
3.61
3.53
3.63
3.98
4.16
3.93
3.80
3.85
3.68
3.71
3.79
3.78
3.68
3.29
3.20
3.16
3.21
3.12
3.41
3.61
3.79
3.97
4.24
4.75
4.89
5.31
5.91
6.00
6.12
6.32
5.47
5.02
5.26
5.47
5.58
6.09
6.56
7.07
7.26
7.38
7.25
7.24
7.09
6.50
6.49